"weekofyear","week_start_date","ndvi_ne","ndvi_nw","ndvi_se","ndvi_sw","precipitation_amt_mm","reanalysis_air_temp_k","reanalysis_avg_temp_k","reanalysis_dew_point_temp_k","reanalysis_max_air_temp_k","reanalysis_min_air_temp_k","reanalysis_precip_amt_kg_per_m2","reanalysis_relative_humidity_percent","reanalysis_sat_precip_amt_mm","reanalysis_specific_humidity_g_per_kg","reanalysis_tdtr_k","station_avg_temp_c","station_diur_temp_rng_c","station_max_temp_c","station_min_temp_c","station_precip_mm","datos_train_labels"
"weekofyear",1,-0.0177616147750907,-0.0624578268494555,-0.0350108554528591,-0.0382787091679589,-0.0740959451633669,0.236115137081384,0.56798428017543,0.554162388143235,0.572070917625591,0.511605003709596,0.569524619549056,0.253055601265121,0.305921453829116,0.236115137081384,0.579267147415488,-0.103152474464599,0.480077583277509,-0.140036815045049,0.320370461075301,0.518216241140784,0.214038166859917,0.287134222670941
"week_start_date",-0.0177616147750907,1,-0.393438243475702,-0.498224360035658,0.00608200037687952,-0.0850005056180885,0.0523483574756269,0.220908140377111,0.224209259187243,0.0520936107999226,0.20907791988784,0.140456654128386,-0.117850256803097,-0.264915821512769,0.0523483574756269,0.0549395425634105,0.320344345220468,-0.0681845295139875,-0.284824981896769,-0.152291149168388,0.0295504446984405,0.0969665150231865,-0.197272524072325
"ndvi_ne",-0.0624578268494555,-0.393438243475702,1,0.614697561705046,0.207491006254277,0.157256593463348,-0.0598075951726975,-0.0821252798075633,-0.0807130230045223,-0.0542530028927176,-0.0571865896268381,-0.0907721744457507,-0.00204328247504171,0.0216586553562779,-0.0598075951726975,-0.0512059052277249,-0.0188899884436759,0.055837709427775,0.186318718659686,0.102779575168283,0.00273774258803015,-0.0836797785893145,0.00414423828638908
"ndvi_nw",-0.0350108554528591,-0.498224360035658,0.614697561705046,1,0.188704196259161,0.219810049012586,-0.0415041025799169,-0.0776123793718262,-0.076369019381555,-0.0283811655703301,-0.0446549479263074,-0.0758676613789601,0.00462020869362257,0.0718075517078917,-0.0415041025799169,-0.0228457157748462,-0.049041953644988,0.0882479731794927,0.183968512181143,0.136894888531986,0.0178414554864668,-0.0833077930708054,0.0592078570523398
"ndvi_se",-0.0382787091679589,0.00608200037687952,0.207491006254277,0.188704196259161,1,0.797349055792423,-0.111003857701486,-0.0133008258954437,-0.010258859707051,-0.0630161673075206,-0.00664856237779609,-0.0466326199259667,-0.129487235963563,-0.116481347448208,-0.111003857701486,-0.0583765842624416,0.0411771217091775,-0.0630995982404311,0.00530472658721615,-0.0751776230015848,-0.0723309542925172,-0.137603733315152,-0.1200235272899
"ndvi_sw",-0.0740959451633669,-0.0850005056180885,0.157256593463348,0.219810049012586,0.797349055792423,1,-0.115206007205134,-0.038680560287955,-0.0317780374430104,-0.0823739055094641,-0.0103601745837016,-0.0678010625571398,-0.121106003975632,-0.114106307135413,-0.115206007205134,-0.0754207939869689,0.0520467671127473,-0.0350825885308588,0.0699628504902589,-0.0102114103701529,-0.0685947997872419,-0.169807001406569,0.0410548908517967
"precipitation_amt_mm",0.236115137081384,0.0523483574756269,-0.0598075951726975,-0.0415041025799169,-0.111003857701486,-0.115206007205134,1,0.236147247098491,0.22471282195283,0.404579489320719,0.258911190748,0.247619607516032,0.508989406668671,0.501898581368421,1,0.41187229108997,-0.0932844285626078,0.198584997854535,-0.15888684302784,0.192705740982408,0.228427129904665,0.56730895543072,0.0569424942706189
"reanalysis_air_temp_k",0.56798428017543,0.220908140377111,-0.0821252798075633,-0.0776123793718262,-0.0133008258954437,-0.038680560287955,0.236147247098491,1,0.997502122975339,0.90361265067677,0.935369566903618,0.942292694198525,0.0804272176181064,0.299337059355626,0.236147247098491,0.905101507771625,0.177732600415981,0.880698802086016,0.0417719347742284,0.699227220697468,0.832807183925614,0.11506191946645,0.17940178113324
"reanalysis_avg_temp_k",0.554162388143235,0.224209259187243,-0.0807130230045223,-0.076369019381555,-0.010258859707051,-0.0317780374430104,0.22471282195283,0.997502122975339,1,0.895540550752413,0.939124294358419,0.939246312448715,0.062675352069013,0.285558596681037,0.22471282195283,0.89654119187718,0.200647021840201,0.878872221762291,0.0561900078627367,0.70450608576168,0.827170121380445,0.0993473492853222,0.17256852311472
"reanalysis_dew_point_temp_k",0.572070917625591,0.0520936107999226,-0.0542530028927176,-0.0283811655703301,-0.0630161673075206,-0.0823739055094641,0.404579489320719,0.90361265067677,0.895540550752413,1,0.847763100708259,0.898884535538455,0.328202217575612,0.678965248023074,0.404579489320719,0.99853112290867,-0.0331266415430109,0.868346382477229,-0.0548981154916016,0.690219316257077,0.850040592233175,0.286506033199387,0.201085659554665
"reanalysis_max_air_temp_k",0.511605003709596,0.20907791988784,-0.0571865896268381,-0.0446549479263074,-0.00664856237779609,-0.0103601745837016,0.258911190748,0.935369566903618,0.939124294358419,0.847763100708259,1,0.82886590096275,0.0916760109817258,0.288679099353973,0.258911190748,0.853700431266518,0.35175729311277,0.852440609379737,0.115718702705441,0.761816604341536,0.770960285043697,0.1063403481324,0.192635122272371
"reanalysis_min_air_temp_k",0.569524619549056,0.140456654128386,-0.0907721744457507,-0.0758676613789601,-0.0466326199259667,-0.0678010625571398,0.247619607516032,0.942292694198525,0.939246312448715,0.898884535538455,0.82886590096275,1,0.132463268432664,0.38565653233079,0.247619607516032,0.896244803486931,-0.0498774604044256,0.841325543753997,-0.0216336789231965,0.627833814954577,0.829482838815585,0.151804539015368,0.185525008979583
"reanalysis_precip_amt_kg_per_m2",0.253055601265121,-0.117850256803097,-0.00204328247504171,0.00462020869362257,-0.129487235963563,-0.121106003975632,0.508989406668671,0.0804272176181064,0.062675352069013,0.328202217575612,0.0916760109817258,0.132463268432664,1,0.602085082783004,0.508989406668671,0.334264843396843,-0.306913242656998,0.135268711201183,-0.251668212280728,0.0809924549811537,0.19892586788521,0.478364845987505,0.106590743481475
"reanalysis_relative_humidity_percent",0.305921453829116,-0.264915821512769,0.0216586553562779,0.0718075517078917,-0.116481347448208,-0.114106307135413,0.501898581368421,0.299337059355626,0.285558596681037,0.678965248023074,0.288679099353973,0.38565653233079,0.602085082783004,1,0.501898581368421,0.673906509667647,-0.37385275138574,0.426615952468801,-0.194166732313768,0.341817432032419,0.466646182528636,0.445475104713137,0.142316970526385
"reanalysis_sat_precip_amt_mm",0.236115137081384,0.0523483574756269,-0.0598075951726975,-0.0415041025799169,-0.111003857701486,-0.115206007205134,1,0.236147247098491,0.22471282195283,0.404579489320719,0.258911190748,0.247619607516032,0.508989406668671,0.501898581368421,1,0.41187229108997,-0.0932844285626078,0.198584997854535,-0.15888684302784,0.192705740982408,0.228427129904665,0.56730895543072,0.0569424942706189
"reanalysis_specific_humidity_g_per_kg",0.579267147415488,0.0549395425634105,-0.0512059052277249,-0.0228457157748462,-0.0583765842624416,-0.0754207939869689,0.41187229108997,0.905101507771625,0.89654119187718,0.99853112290867,0.853700431266518,0.896244803486931,0.334264843396843,0.673906509667647,0.41187229108997,1,-0.0260744536272743,0.869552100474792,-0.0578955503276488,0.691522606631198,0.849226263752585,0.289763903172117,0.205337639207432
"reanalysis_tdtr_k",-0.103152474464599,0.320344345220468,-0.0188899884436759,-0.049041953644988,0.0411771217091775,0.0520467671127473,-0.0932844285626078,0.177732600415981,0.200647021840201,-0.0331266415430109,0.35175729311277,-0.0498774604044256,-0.306913242656998,-0.37385275138574,-0.0932844285626078,-0.0260744536272743,1,0.138245836116154,0.37235271468812,0.282235015792347,0.00932220674146252,-0.205853076695234,-0.0679195472778993
"station_avg_temp_c",0.480077583277509,-0.0681845295139875,0.055837709427775,0.0882479731794927,-0.0630995982404311,-0.0350825885308588,0.198584997854535,0.880698802086016,0.878872221762291,0.868346382477229,0.852440609379737,0.841325543753997,0.135268711201183,0.426615952468801,0.198584997854535,0.869552100474792,0.138245836116154,1,0.185386335388652,0.865180026936095,0.898545301308245,0.0319868447388021,0.194126184789944
"station_diur_temp_rng_c",-0.140036815045049,-0.284824981896769,0.186318718659686,0.183968512181143,0.00530472658721615,0.0699628504902589,-0.15888684302784,0.0417719347742284,0.0561900078627367,-0.0548981154916016,0.115718702705441,-0.0216336789231965,-0.251668212280728,-0.194166732313768,-0.15888684302784,-0.0578955503276488,0.37235271468812,0.185386335388652,1,0.474571976533445,-0.122119909178713,-0.265458677416755,0.0348009110112407
"station_max_temp_c",0.320370461075301,-0.152291149168388,0.102779575168283,0.136894888531986,-0.0751776230015848,-0.0102114103701529,0.192705740982408,0.699227220697468,0.70450608576168,0.690219316257077,0.761816604341536,0.627833814954577,0.0809924549811537,0.341817432032419,0.192705740982408,0.691522606631198,0.282235015792347,0.865180026936095,0.474571976533445,1,0.674261906131495,0.00721483857711882,0.187544237010158
"station_min_temp_c",0.518216241140784,0.0295504446984405,0.00273774258803015,0.0178414554864668,-0.0723309542925172,-0.0685947997872419,0.228427129904665,0.832807183925614,0.827170121380445,0.850040592233175,0.770960285043697,0.829482838815585,0.19892586788521,0.466646182528636,0.228427129904665,0.849226263752585,0.00932220674146252,0.898545301308245,-0.122119909178713,0.674261906131495,1,0.0870320049604689,0.174285353304482
"station_precip_mm",0.214038166859917,0.0969665150231865,-0.0836797785893145,-0.0833077930708054,-0.137603733315152,-0.169807001406569,0.56730895543072,0.11506191946645,0.0993473492853222,0.286506033199387,0.1063403481324,0.151804539015368,0.478364845987505,0.445475104713137,0.56730895543072,0.289763903172117,-0.205853076695234,0.0319868447388021,-0.265458677416755,0.00721483857711882,0.0870320049604689,1,0.0508350076116885
"datos_train_labels",0.287134222670941,-0.197272524072325,0.00414423828638908,0.0592078570523398,-0.1200235272899,0.0410548908517967,0.0569424942706189,0.17940178113324,0.17256852311472,0.201085659554665,0.192635122272371,0.185525008979583,0.106590743481475,0.142316970526385,0.0569424942706189,0.205337639207432,-0.0679195472778993,0.194126184789944,0.0348009110112407,0.187544237010158,0.174285353304482,0.0508350076116885,1
